000100100100000000000000000000000000000000000000000000
000000100100000110000000010000000000010000000000000000
000001110001000000001000001000000000011011000000000000
000000110001000000001000001000000000011011000000000000
000110101000000000000000000000000000000000000000000000
000000100100000110000000010000000000010000000000100000
000001110011000000001000001000000000011011000000000010
000000101111000000001000001000000000011011000000000010
001001001001000000000000010000000000100000000001100000
000000100100000110000000010000000000010000000001000000
000000000000000000000000000000000000000000000000000000
000000000000000000000000000000000000000000000000000000
000000100100000001000000000000001000011000000000000000
000000100100000110000000000100000000010000000000000000
000000100100000100000000001000000000000101000000000010
000000111001000000000000001000000000000000000000000000
000010100000000000000000000000000000000000000000011100
000010100010000000000000000000000000000000000000011000
001011011111000001001001000000000000000000000000000000
000001011111000001001001000000000000000000000000000000
000000100100000101000001000000001001011000000000000000
000000100100000101000001000000001001000110000000000010
000000100100000001000000000000001000000100000000000010
010000100000100000100000010000000000000000000101100100
010000100010100000100000010000000000000000000011100000
000010110010100000000000000000000000000000000000010100
000000100100000100000010010000000010100000110001100000
000000100100000110000000100000000000000000000000000100
000010111000100100000001000000000001000000000000010100
000010111010100000000000000000000000000000000000010000
000000100100000001000000100000000100000000000000000100
000000100100000110000000100000000000000000000000000000
110000000000001000100000000000000000000000000110000000
000011000010100000000000000000000000000000000000010100
001000100100000100000000000010000010000000000000000000
000001000000010000001000100000000000000000000000000100
000011001000100000000000000000000000000000000000010100
000001010011000100000000000010000010000000010000000000
000001001110000001000000100000000100000000000000000100
000001010001000100000000000010000010000000000000000000
000011010000100000000000000000000000000000000000010100
000011010010000000000000000000000000000000000000011100
000001000100000010010000100000000000000000001000000100
000001011100100000000000000000100000000000000000000100
000001011010100000110000000001000000000000000010000000
000001001010000100000100000010000010100000100000000000
000001101001000100000000000010000010000000010000000000
010001000010000000100000000000000000000000000010000000
000000000000000000000000000000000000000000000000000000
000000000000000000000000000000000000000000000000000000
001001001010100000010000000001000000000000000000000000
000000100100000000000000000000000000000000000000000000
000011101000000000000000000000000000000000000000011100
000011101010100000000000000000000000000000000000010100
000001101011000000000000000000010000000000000000000000
000000100100000001000000100000000100000000000000000100
010000111010000000100000000000000000000000000010000000
010000110010000000100000000000000000000000000100000000
000000000000000000000000000000000000000000000000000000
000000000000000000000000000000000000000000000000000000
000000000000000000000000000000000000000000000000000000
000000000000000000000000000000000000000000000000000000
000000000000000000000000000000000000000000000000000000
001001001010100000110000000001000000000000000000000000